1752716457059 0.8495238095238096 0 494df25f039444a69501cd346d661f88
1752716457059 0.8495238095238096 0 494df25f039444a69501cd346d661f88
1752716457059 0.8495238095238096 0 494df25f039444a69501cd346d661f88
1752716457059 0.8495238095238096 0 494df25f039444a69501cd346d661f88
1752716471494 0.8219047619047619 0 494df25f039444a69501cd346d661f88
1752716457059 0.8495238095238096 0 494df25f039444a69501cd346d661f88
1752716457059 0.8495238095238096 0 494df25f039444a69501cd346d661f88
1752716457059 0.8495238095238096 0 494df25f039444a69501cd346d661f88
1752716457059 0.8495238095238096 0 494df25f039444a69501cd346d661f88
1752716471494 0.8219047619047619 0 494df25f039444a69501cd346d661f88
1752716457059 0.8495238095238096 0 494df25f039444a69501cd346d661f88
1752716457059 0.8495238095238096 0 494df25f039444a69501cd346d661f88
1752716457059 0.8495238095238096 0 494df25f039444a69501cd346d661f88
1752716457059 0.8495238095238096 0 494df25f039444a69501cd346d661f88
1752716471494 0.8219047619047619 0 494df25f039444a69501cd346d661f88
1752716457059 0.8495238095238096 0 494df25f039444a69501cd346d661f88
1752716457059 0.8495238095238096 0 494df25f039444a69501cd346d661f88
1752716457059 0.8495238095238096 0 494df25f039444a69501cd346d661f88
1752716457059 0.8495238095238096 0 494df25f039444a69501cd346d661f88
1752716471494 0.8219047619047619 0 494df25f039444a69501cd346d661f88
1752716486001 0.8519047619047619 0 494df25f039444a69501cd346d661f88
1752716457059 0.8495238095238096 0 494df25f039444a69501cd346d661f88
1752716457059 0.8495238095238096 0 494df25f039444a69501cd346d661f88
1752716457059 0.8495238095238096 0 494df25f039444a69501cd346d661f88
1752716457059 0.8495238095238096 0 494df25f039444a69501cd346d661f88
1752716471494 0.8219047619047619 0 494df25f039444a69501cd346d661f88
1752716457059 0.8495238095238096 0 494df25f039444a69501cd346d661f88
1752716457059 0.8495238095238096 0 494df25f039444a69501cd346d661f88
1752716457059 0.8495238095238096 0 494df25f039444a69501cd346d661f88
1752716457059 0.8495238095238096 0 494df25f039444a69501cd346d661f88
1752716471494 0.8219047619047619 0 494df25f039444a69501cd346d661f88
1752716457059 0.8495238095238096 0 494df25f039444a69501cd346d661f88
1752716457059 0.8495238095238096 0 494df25f039444a69501cd346d661f88
1752716457059 0.8495238095238096 0 494df25f039444a69501cd346d661f88
1752716457059 0.8495238095238096 0 494df25f039444a69501cd346d661f88
1752716471494 0.8219047619047619 0 494df25f039444a69501cd346d661f88
1752716457059 0.8495238095238096 0 494df25f039444a69501cd346d661f88
1752716457059 0.8495238095238096 0 494df25f039444a69501cd346d661f88
1752716457059 0.8495238095238096 0 494df25f039444a69501cd346d661f88
1752716457059 0.8495238095238096 0 494df25f039444a69501cd346d661f88
1752716471494 0.8219047619047619 0 494df25f039444a69501cd346d661f88
1752716486001 0.8519047619047619 0 494df25f039444a69501cd346d661f88
1752716457059 0.8495238095238096 0 494df25f039444a69501cd346d661f88
1752716457059 0.8495238095238096 0 494df25f039444a69501cd346d661f88
1752716457059 0.8495238095238096 0 494df25f039444a69501cd346d661f88
1752716457059 0.8495238095238096 0 494df25f039444a69501cd346d661f88
1752716471494 0.8219047619047619 0 494df25f039444a69501cd346d661f88
1752716457059 0.8495238095238096 0 494df25f039444a69501cd346d661f88
1752716457059 0.8495238095238096 0 494df25f039444a69501cd346d661f88
1752716457059 0.8495238095238096 0 494df25f039444a69501cd346d661f88
1752716457059 0.8495238095238096 0 494df25f039444a69501cd346d661f88
1752716471494 0.8219047619047619 0 494df25f039444a69501cd346d661f88
1752716457059 0.8495238095238096 0 494df25f039444a69501cd346d661f88
1752716457059 0.8495238095238096 0 494df25f039444a69501cd346d661f88
1752716457059 0.8495238095238096 0 494df25f039444a69501cd346d661f88
1752716457059 0.8495238095238096 0 494df25f039444a69501cd346d661f88
1752716471494 0.8219047619047619 0 494df25f039444a69501cd346d661f88
1752716457059 0.8495238095238096 0 494df25f039444a69501cd346d661f88
1752716457059 0.8495238095238096 0 494df25f039444a69501cd346d661f88
1752716457059 0.8495238095238096 0 494df25f039444a69501cd346d661f88
1752716457059 0.8495238095238096 0 494df25f039444a69501cd346d661f88
1752716471494 0.8219047619047619 0 494df25f039444a69501cd346d661f88
1752716486001 0.8519047619047619 0 494df25f039444a69501cd346d661f88
1752716457059 0.8495238095238096 0 494df25f039444a69501cd346d661f88
1752716457059 0.8495238095238096 0 494df25f039444a69501cd346d661f88
1752716457059 0.8495238095238096 0 494df25f039444a69501cd346d661f88
1752716457059 0.8495238095238096 0 494df25f039444a69501cd346d661f88
1752716471494 0.8219047619047619 0 494df25f039444a69501cd346d661f88
1752716457059 0.8495238095238096 0 494df25f039444a69501cd346d661f88
1752716457059 0.8495238095238096 0 494df25f039444a69501cd346d661f88
1752716457059 0.8495238095238096 0 494df25f039444a69501cd346d661f88
1752716457059 0.8495238095238096 0 494df25f039444a69501cd346d661f88
1752716471494 0.8219047619047619 0 494df25f039444a69501cd346d661f88
1752716457059 0.8495238095238096 0 494df25f039444a69501cd346d661f88
1752716457059 0.8495238095238096 0 494df25f039444a69501cd346d661f88
1752716457059 0.8495238095238096 0 494df25f039444a69501cd346d661f88
1752716457059 0.8495238095238096 0 494df25f039444a69501cd346d661f88
1752716471494 0.8219047619047619 0 494df25f039444a69501cd346d661f88
1752716457059 0.8495238095238096 0 494df25f039444a69501cd346d661f88
1752716457059 0.8495238095238096 0 494df25f039444a69501cd346d661f88
1752716457059 0.8495238095238096 0 494df25f039444a69501cd346d661f88
1752716457059 0.8495238095238096 0 494df25f039444a69501cd346d661f88
1752716471494 0.8219047619047619 0 494df25f039444a69501cd346d661f88
1752716486001 0.8519047619047619 0 494df25f039444a69501cd346d661f88
1752716737706 0.7838095238095238 0 494df25f039444a69501cd346d661f88
