1752845761626 0.8495238095238096 0 9d5b24e2e52e49efade05f49bdac4805
1752845761626 0.8495238095238096 0 9d5b24e2e52e49efade05f49bdac4805
1752845761626 0.8495238095238096 0 9d5b24e2e52e49efade05f49bdac4805
1752845761626 0.8495238095238096 0 9d5b24e2e52e49efade05f49bdac4805
1752845778809 0.8219047619047619 0 9d5b24e2e52e49efade05f49bdac4805
1752845761626 0.8495238095238096 0 9d5b24e2e52e49efade05f49bdac4805
1752845761626 0.8495238095238096 0 9d5b24e2e52e49efade05f49bdac4805
1752845761626 0.8495238095238096 0 9d5b24e2e52e49efade05f49bdac4805
1752845761626 0.8495238095238096 0 9d5b24e2e52e49efade05f49bdac4805
1752845778809 0.8219047619047619 0 9d5b24e2e52e49efade05f49bdac4805
1752845761626 0.8495238095238096 0 9d5b24e2e52e49efade05f49bdac4805
1752845761626 0.8495238095238096 0 9d5b24e2e52e49efade05f49bdac4805
1752845761626 0.8495238095238096 0 9d5b24e2e52e49efade05f49bdac4805
1752845761626 0.8495238095238096 0 9d5b24e2e52e49efade05f49bdac4805
1752845778809 0.8219047619047619 0 9d5b24e2e52e49efade05f49bdac4805
1752845761626 0.8495238095238096 0 9d5b24e2e52e49efade05f49bdac4805
1752845761626 0.8495238095238096 0 9d5b24e2e52e49efade05f49bdac4805
1752845761626 0.8495238095238096 0 9d5b24e2e52e49efade05f49bdac4805
1752845761626 0.8495238095238096 0 9d5b24e2e52e49efade05f49bdac4805
1752845778809 0.8219047619047619 0 9d5b24e2e52e49efade05f49bdac4805
1752845792101 0.8519047619047619 0 9d5b24e2e52e49efade05f49bdac4805
1752845761626 0.8495238095238096 0 9d5b24e2e52e49efade05f49bdac4805
1752845761626 0.8495238095238096 0 9d5b24e2e52e49efade05f49bdac4805
1752845761626 0.8495238095238096 0 9d5b24e2e52e49efade05f49bdac4805
1752845761626 0.8495238095238096 0 9d5b24e2e52e49efade05f49bdac4805
1752845778809 0.8219047619047619 0 9d5b24e2e52e49efade05f49bdac4805
1752845761626 0.8495238095238096 0 9d5b24e2e52e49efade05f49bdac4805
1752845761626 0.8495238095238096 0 9d5b24e2e52e49efade05f49bdac4805
1752845761626 0.8495238095238096 0 9d5b24e2e52e49efade05f49bdac4805
1752845761626 0.8495238095238096 0 9d5b24e2e52e49efade05f49bdac4805
1752845778809 0.8219047619047619 0 9d5b24e2e52e49efade05f49bdac4805
1752845761626 0.8495238095238096 0 9d5b24e2e52e49efade05f49bdac4805
1752845761626 0.8495238095238096 0 9d5b24e2e52e49efade05f49bdac4805
1752845761626 0.8495238095238096 0 9d5b24e2e52e49efade05f49bdac4805
1752845761626 0.8495238095238096 0 9d5b24e2e52e49efade05f49bdac4805
1752845778809 0.8219047619047619 0 9d5b24e2e52e49efade05f49bdac4805
1752845761626 0.8495238095238096 0 9d5b24e2e52e49efade05f49bdac4805
1752845761626 0.8495238095238096 0 9d5b24e2e52e49efade05f49bdac4805
1752845761626 0.8495238095238096 0 9d5b24e2e52e49efade05f49bdac4805
1752845761626 0.8495238095238096 0 9d5b24e2e52e49efade05f49bdac4805
1752845778809 0.8219047619047619 0 9d5b24e2e52e49efade05f49bdac4805
1752845792101 0.8519047619047619 0 9d5b24e2e52e49efade05f49bdac4805
1752845761626 0.8495238095238096 0 9d5b24e2e52e49efade05f49bdac4805
1752845761626 0.8495238095238096 0 9d5b24e2e52e49efade05f49bdac4805
1752845761626 0.8495238095238096 0 9d5b24e2e52e49efade05f49bdac4805
1752845761626 0.8495238095238096 0 9d5b24e2e52e49efade05f49bdac4805
1752845778809 0.8219047619047619 0 9d5b24e2e52e49efade05f49bdac4805
1752845761626 0.8495238095238096 0 9d5b24e2e52e49efade05f49bdac4805
1752845761626 0.8495238095238096 0 9d5b24e2e52e49efade05f49bdac4805
1752845761626 0.8495238095238096 0 9d5b24e2e52e49efade05f49bdac4805
1752845761626 0.8495238095238096 0 9d5b24e2e52e49efade05f49bdac4805
1752845778809 0.8219047619047619 0 9d5b24e2e52e49efade05f49bdac4805
1752845761626 0.8495238095238096 0 9d5b24e2e52e49efade05f49bdac4805
1752845761626 0.8495238095238096 0 9d5b24e2e52e49efade05f49bdac4805
1752845761626 0.8495238095238096 0 9d5b24e2e52e49efade05f49bdac4805
1752845761626 0.8495238095238096 0 9d5b24e2e52e49efade05f49bdac4805
1752845778809 0.8219047619047619 0 9d5b24e2e52e49efade05f49bdac4805
1752845761626 0.8495238095238096 0 9d5b24e2e52e49efade05f49bdac4805
1752845761626 0.8495238095238096 0 9d5b24e2e52e49efade05f49bdac4805
1752845761626 0.8495238095238096 0 9d5b24e2e52e49efade05f49bdac4805
1752845761626 0.8495238095238096 0 9d5b24e2e52e49efade05f49bdac4805
1752845778809 0.8219047619047619 0 9d5b24e2e52e49efade05f49bdac4805
1752845792101 0.8519047619047619 0 9d5b24e2e52e49efade05f49bdac4805
1752845761626 0.8495238095238096 0 9d5b24e2e52e49efade05f49bdac4805
1752845761626 0.8495238095238096 0 9d5b24e2e52e49efade05f49bdac4805
1752845761626 0.8495238095238096 0 9d5b24e2e52e49efade05f49bdac4805
1752845761626 0.8495238095238096 0 9d5b24e2e52e49efade05f49bdac4805
1752845778809 0.8219047619047619 0 9d5b24e2e52e49efade05f49bdac4805
1752845761626 0.8495238095238096 0 9d5b24e2e52e49efade05f49bdac4805
1752845761626 0.8495238095238096 0 9d5b24e2e52e49efade05f49bdac4805
1752845761626 0.8495238095238096 0 9d5b24e2e52e49efade05f49bdac4805
1752845761626 0.8495238095238096 0 9d5b24e2e52e49efade05f49bdac4805
1752845778809 0.8219047619047619 0 9d5b24e2e52e49efade05f49bdac4805
1752845761626 0.8495238095238096 0 9d5b24e2e52e49efade05f49bdac4805
1752845761626 0.8495238095238096 0 9d5b24e2e52e49efade05f49bdac4805
1752845761626 0.8495238095238096 0 9d5b24e2e52e49efade05f49bdac4805
1752845761626 0.8495238095238096 0 9d5b24e2e52e49efade05f49bdac4805
1752845778809 0.8219047619047619 0 9d5b24e2e52e49efade05f49bdac4805
1752845761626 0.8495238095238096 0 9d5b24e2e52e49efade05f49bdac4805
1752845761626 0.8495238095238096 0 9d5b24e2e52e49efade05f49bdac4805
1752845761626 0.8495238095238096 0 9d5b24e2e52e49efade05f49bdac4805
1752845761626 0.8495238095238096 0 9d5b24e2e52e49efade05f49bdac4805
1752845778809 0.8219047619047619 0 9d5b24e2e52e49efade05f49bdac4805
1752845792101 0.8519047619047619 0 9d5b24e2e52e49efade05f49bdac4805
1752846043330 0.7838095238095238 0 9d5b24e2e52e49efade05f49bdac4805
1752845761626 0.8495238095238096 0 9d5b24e2e52e49efade05f49bdac4805
1752845761626 0.8495238095238096 0 9d5b24e2e52e49efade05f49bdac4805
1752845761626 0.8495238095238096 0 9d5b24e2e52e49efade05f49bdac4805
1752845761626 0.8495238095238096 0 9d5b24e2e52e49efade05f49bdac4805
1752845778809 0.8219047619047619 0 9d5b24e2e52e49efade05f49bdac4805
1752845761626 0.8495238095238096 0 9d5b24e2e52e49efade05f49bdac4805
1752845761626 0.8495238095238096 0 9d5b24e2e52e49efade05f49bdac4805
1752845761626 0.8495238095238096 0 9d5b24e2e52e49efade05f49bdac4805
1752845761626 0.8495238095238096 0 9d5b24e2e52e49efade05f49bdac4805
1752845778809 0.8219047619047619 0 9d5b24e2e52e49efade05f49bdac4805
1752845761626 0.8495238095238096 0 9d5b24e2e52e49efade05f49bdac4805
1752845761626 0.8495238095238096 0 9d5b24e2e52e49efade05f49bdac4805
1752845761626 0.8495238095238096 0 9d5b24e2e52e49efade05f49bdac4805
1752845761626 0.8495238095238096 0 9d5b24e2e52e49efade05f49bdac4805
1752845778809 0.8219047619047619 0 9d5b24e2e52e49efade05f49bdac4805
1752845761626 0.8495238095238096 0 9d5b24e2e52e49efade05f49bdac4805
1752845761626 0.8495238095238096 0 9d5b24e2e52e49efade05f49bdac4805
1752845761626 0.8495238095238096 0 9d5b24e2e52e49efade05f49bdac4805
1752845761626 0.8495238095238096 0 9d5b24e2e52e49efade05f49bdac4805
1752845778809 0.8219047619047619 0 9d5b24e2e52e49efade05f49bdac4805
1752845792101 0.8519047619047619 0 9d5b24e2e52e49efade05f49bdac4805
1752845761626 0.8495238095238096 0 9d5b24e2e52e49efade05f49bdac4805
1752845761626 0.8495238095238096 0 9d5b24e2e52e49efade05f49bdac4805
1752845761626 0.8495238095238096 0 9d5b24e2e52e49efade05f49bdac4805
1752845761626 0.8495238095238096 0 9d5b24e2e52e49efade05f49bdac4805
1752845778809 0.8219047619047619 0 9d5b24e2e52e49efade05f49bdac4805
1752845761626 0.8495238095238096 0 9d5b24e2e52e49efade05f49bdac4805
1752845761626 0.8495238095238096 0 9d5b24e2e52e49efade05f49bdac4805
1752845761626 0.8495238095238096 0 9d5b24e2e52e49efade05f49bdac4805
1752845761626 0.8495238095238096 0 9d5b24e2e52e49efade05f49bdac4805
1752845778809 0.8219047619047619 0 9d5b24e2e52e49efade05f49bdac4805
1752845761626 0.8495238095238096 0 9d5b24e2e52e49efade05f49bdac4805
1752845761626 0.8495238095238096 0 9d5b24e2e52e49efade05f49bdac4805
1752845761626 0.8495238095238096 0 9d5b24e2e52e49efade05f49bdac4805
1752845761626 0.8495238095238096 0 9d5b24e2e52e49efade05f49bdac4805
1752845778809 0.8219047619047619 0 9d5b24e2e52e49efade05f49bdac4805
1752845761626 0.8495238095238096 0 9d5b24e2e52e49efade05f49bdac4805
1752845761626 0.8495238095238096 0 9d5b24e2e52e49efade05f49bdac4805
1752845761626 0.8495238095238096 0 9d5b24e2e52e49efade05f49bdac4805
1752845761626 0.8495238095238096 0 9d5b24e2e52e49efade05f49bdac4805
1752845778809 0.8219047619047619 0 9d5b24e2e52e49efade05f49bdac4805
1752845792101 0.8519047619047619 0 9d5b24e2e52e49efade05f49bdac4805
1752845761626 0.8495238095238096 0 9d5b24e2e52e49efade05f49bdac4805
1752845761626 0.8495238095238096 0 9d5b24e2e52e49efade05f49bdac4805
1752845761626 0.8495238095238096 0 9d5b24e2e52e49efade05f49bdac4805
1752845761626 0.8495238095238096 0 9d5b24e2e52e49efade05f49bdac4805
1752845778809 0.8219047619047619 0 9d5b24e2e52e49efade05f49bdac4805
1752845761626 0.8495238095238096 0 9d5b24e2e52e49efade05f49bdac4805
1752845761626 0.8495238095238096 0 9d5b24e2e52e49efade05f49bdac4805
1752845761626 0.8495238095238096 0 9d5b24e2e52e49efade05f49bdac4805
1752845761626 0.8495238095238096 0 9d5b24e2e52e49efade05f49bdac4805
1752845778809 0.8219047619047619 0 9d5b24e2e52e49efade05f49bdac4805
1752845761626 0.8495238095238096 0 9d5b24e2e52e49efade05f49bdac4805
1752845761626 0.8495238095238096 0 9d5b24e2e52e49efade05f49bdac4805
1752845761626 0.8495238095238096 0 9d5b24e2e52e49efade05f49bdac4805
1752845761626 0.8495238095238096 0 9d5b24e2e52e49efade05f49bdac4805
1752845778809 0.8219047619047619 0 9d5b24e2e52e49efade05f49bdac4805
1752845761626 0.8495238095238096 0 9d5b24e2e52e49efade05f49bdac4805
1752845761626 0.8495238095238096 0 9d5b24e2e52e49efade05f49bdac4805
1752845761626 0.8495238095238096 0 9d5b24e2e52e49efade05f49bdac4805
1752845761626 0.8495238095238096 0 9d5b24e2e52e49efade05f49bdac4805
1752845778809 0.8219047619047619 0 9d5b24e2e52e49efade05f49bdac4805
1752845792101 0.8519047619047619 0 9d5b24e2e52e49efade05f49bdac4805
1752845761626 0.8495238095238096 0 9d5b24e2e52e49efade05f49bdac4805
1752845761626 0.8495238095238096 0 9d5b24e2e52e49efade05f49bdac4805
1752845761626 0.8495238095238096 0 9d5b24e2e52e49efade05f49bdac4805
1752845761626 0.8495238095238096 0 9d5b24e2e52e49efade05f49bdac4805
1752845778809 0.8219047619047619 0 9d5b24e2e52e49efade05f49bdac4805
1752845761626 0.8495238095238096 0 9d5b24e2e52e49efade05f49bdac4805
1752845761626 0.8495238095238096 0 9d5b24e2e52e49efade05f49bdac4805
1752845761626 0.8495238095238096 0 9d5b24e2e52e49efade05f49bdac4805
1752845761626 0.8495238095238096 0 9d5b24e2e52e49efade05f49bdac4805
1752845778809 0.8219047619047619 0 9d5b24e2e52e49efade05f49bdac4805
1752845761626 0.8495238095238096 0 9d5b24e2e52e49efade05f49bdac4805
1752845761626 0.8495238095238096 0 9d5b24e2e52e49efade05f49bdac4805
1752845761626 0.8495238095238096 0 9d5b24e2e52e49efade05f49bdac4805
1752845761626 0.8495238095238096 0 9d5b24e2e52e49efade05f49bdac4805
1752845778809 0.8219047619047619 0 9d5b24e2e52e49efade05f49bdac4805
1752845761626 0.8495238095238096 0 9d5b24e2e52e49efade05f49bdac4805
1752845761626 0.8495238095238096 0 9d5b24e2e52e49efade05f49bdac4805
1752845761626 0.8495238095238096 0 9d5b24e2e52e49efade05f49bdac4805
1752845761626 0.8495238095238096 0 9d5b24e2e52e49efade05f49bdac4805
1752845778809 0.8219047619047619 0 9d5b24e2e52e49efade05f49bdac4805
1752845792101 0.8519047619047619 0 9d5b24e2e52e49efade05f49bdac4805
1752846043330 0.7838095238095238 0 9d5b24e2e52e49efade05f49bdac4805
