1752716457331 0.8495333644343078 0 494df25f039444a69501cd346d661f88
1752716457331 0.8495333644343078 0 494df25f039444a69501cd346d661f88
1752716457331 0.8495333644343078 0 494df25f039444a69501cd346d661f88
1752716457331 0.8495333644343078 0 494df25f039444a69501cd346d661f88
1752716471755 0.8219154237365445 0 494df25f039444a69501cd346d661f88
1752716457331 0.8495333644343078 0 494df25f039444a69501cd346d661f88
1752716457331 0.8495333644343078 0 494df25f039444a69501cd346d661f88
1752716457331 0.8495333644343078 0 494df25f039444a69501cd346d661f88
1752716457331 0.8495333644343078 0 494df25f039444a69501cd346d661f88
1752716471755 0.8219154237365445 0 494df25f039444a69501cd346d661f88
1752716457331 0.8495333644343078 0 494df25f039444a69501cd346d661f88
1752716457331 0.8495333644343078 0 494df25f039444a69501cd346d661f88
1752716457331 0.8495333644343078 0 494df25f039444a69501cd346d661f88
1752716457331 0.8495333644343078 0 494df25f039444a69501cd346d661f88
1752716471755 0.8219154237365445 0 494df25f039444a69501cd346d661f88
1752716457331 0.8495333644343078 0 494df25f039444a69501cd346d661f88
1752716457331 0.8495333644343078 0 494df25f039444a69501cd346d661f88
1752716457331 0.8495333644343078 0 494df25f039444a69501cd346d661f88
1752716457331 0.8495333644343078 0 494df25f039444a69501cd346d661f88
1752716471755 0.8219154237365445 0 494df25f039444a69501cd346d661f88
1752716486268 0.8519096312769293 0 494df25f039444a69501cd346d661f88
1752716457331 0.8495333644343078 0 494df25f039444a69501cd346d661f88
1752716457331 0.8495333644343078 0 494df25f039444a69501cd346d661f88
1752716457331 0.8495333644343078 0 494df25f039444a69501cd346d661f88
1752716457331 0.8495333644343078 0 494df25f039444a69501cd346d661f88
1752716471755 0.8219154237365445 0 494df25f039444a69501cd346d661f88
1752716457331 0.8495333644343078 0 494df25f039444a69501cd346d661f88
1752716457331 0.8495333644343078 0 494df25f039444a69501cd346d661f88
1752716457331 0.8495333644343078 0 494df25f039444a69501cd346d661f88
1752716457331 0.8495333644343078 0 494df25f039444a69501cd346d661f88
1752716471755 0.8219154237365445 0 494df25f039444a69501cd346d661f88
1752716457331 0.8495333644343078 0 494df25f039444a69501cd346d661f88
1752716457331 0.8495333644343078 0 494df25f039444a69501cd346d661f88
1752716457331 0.8495333644343078 0 494df25f039444a69501cd346d661f88
1752716457331 0.8495333644343078 0 494df25f039444a69501cd346d661f88
1752716471755 0.8219154237365445 0 494df25f039444a69501cd346d661f88
1752716457331 0.8495333644343078 0 494df25f039444a69501cd346d661f88
1752716457331 0.8495333644343078 0 494df25f039444a69501cd346d661f88
1752716457331 0.8495333644343078 0 494df25f039444a69501cd346d661f88
1752716457331 0.8495333644343078 0 494df25f039444a69501cd346d661f88
1752716471755 0.8219154237365445 0 494df25f039444a69501cd346d661f88
1752716486268 0.8519096312769293 0 494df25f039444a69501cd346d661f88
1752716457331 0.8495333644343078 0 494df25f039444a69501cd346d661f88
1752716457331 0.8495333644343078 0 494df25f039444a69501cd346d661f88
1752716457331 0.8495333644343078 0 494df25f039444a69501cd346d661f88
1752716457331 0.8495333644343078 0 494df25f039444a69501cd346d661f88
1752716471755 0.8219154237365445 0 494df25f039444a69501cd346d661f88
1752716457331 0.8495333644343078 0 494df25f039444a69501cd346d661f88
1752716457331 0.8495333644343078 0 494df25f039444a69501cd346d661f88
1752716457331 0.8495333644343078 0 494df25f039444a69501cd346d661f88
1752716457331 0.8495333644343078 0 494df25f039444a69501cd346d661f88
1752716471755 0.8219154237365445 0 494df25f039444a69501cd346d661f88
1752716457331 0.8495333644343078 0 494df25f039444a69501cd346d661f88
1752716457331 0.8495333644343078 0 494df25f039444a69501cd346d661f88
1752716457331 0.8495333644343078 0 494df25f039444a69501cd346d661f88
1752716457331 0.8495333644343078 0 494df25f039444a69501cd346d661f88
1752716471755 0.8219154237365445 0 494df25f039444a69501cd346d661f88
1752716457331 0.8495333644343078 0 494df25f039444a69501cd346d661f88
1752716457331 0.8495333644343078 0 494df25f039444a69501cd346d661f88
1752716457331 0.8495333644343078 0 494df25f039444a69501cd346d661f88
1752716457331 0.8495333644343078 0 494df25f039444a69501cd346d661f88
1752716471755 0.8219154237365445 0 494df25f039444a69501cd346d661f88
1752716486268 0.8519096312769293 0 494df25f039444a69501cd346d661f88
1752716457331 0.8495333644343078 0 494df25f039444a69501cd346d661f88
1752716457331 0.8495333644343078 0 494df25f039444a69501cd346d661f88
1752716457331 0.8495333644343078 0 494df25f039444a69501cd346d661f88
1752716457331 0.8495333644343078 0 494df25f039444a69501cd346d661f88
1752716471755 0.8219154237365445 0 494df25f039444a69501cd346d661f88
1752716457331 0.8495333644343078 0 494df25f039444a69501cd346d661f88
1752716457331 0.8495333644343078 0 494df25f039444a69501cd346d661f88
1752716457331 0.8495333644343078 0 494df25f039444a69501cd346d661f88
1752716457331 0.8495333644343078 0 494df25f039444a69501cd346d661f88
1752716471755 0.8219154237365445 0 494df25f039444a69501cd346d661f88
1752716457331 0.8495333644343078 0 494df25f039444a69501cd346d661f88
1752716457331 0.8495333644343078 0 494df25f039444a69501cd346d661f88
1752716457331 0.8495333644343078 0 494df25f039444a69501cd346d661f88
1752716457331 0.8495333644343078 0 494df25f039444a69501cd346d661f88
1752716471755 0.8219154237365445 0 494df25f039444a69501cd346d661f88
1752716457331 0.8495333644343078 0 494df25f039444a69501cd346d661f88
1752716457331 0.8495333644343078 0 494df25f039444a69501cd346d661f88
1752716457331 0.8495333644343078 0 494df25f039444a69501cd346d661f88
1752716457331 0.8495333644343078 0 494df25f039444a69501cd346d661f88
1752716471755 0.8219154237365445 0 494df25f039444a69501cd346d661f88
1752716486268 0.8519096312769293 0 494df25f039444a69501cd346d661f88
1752716737993 0.7837330365423468 0 494df25f039444a69501cd346d661f88
1752716457331 0.8495333644343078 0 494df25f039444a69501cd346d661f88
1752716457331 0.8495333644343078 0 494df25f039444a69501cd346d661f88
1752716457331 0.8495333644343078 0 494df25f039444a69501cd346d661f88
1752716457331 0.8495333644343078 0 494df25f039444a69501cd346d661f88
1752716471755 0.8219154237365445 0 494df25f039444a69501cd346d661f88
1752716457331 0.8495333644343078 0 494df25f039444a69501cd346d661f88
1752716457331 0.8495333644343078 0 494df25f039444a69501cd346d661f88
1752716457331 0.8495333644343078 0 494df25f039444a69501cd346d661f88
1752716457331 0.8495333644343078 0 494df25f039444a69501cd346d661f88
1752716471755 0.8219154237365445 0 494df25f039444a69501cd346d661f88
1752716457331 0.8495333644343078 0 494df25f039444a69501cd346d661f88
1752716457331 0.8495333644343078 0 494df25f039444a69501cd346d661f88
1752716457331 0.8495333644343078 0 494df25f039444a69501cd346d661f88
1752716457331 0.8495333644343078 0 494df25f039444a69501cd346d661f88
1752716471755 0.8219154237365445 0 494df25f039444a69501cd346d661f88
1752716457331 0.8495333644343078 0 494df25f039444a69501cd346d661f88
1752716457331 0.8495333644343078 0 494df25f039444a69501cd346d661f88
1752716457331 0.8495333644343078 0 494df25f039444a69501cd346d661f88
1752716457331 0.8495333644343078 0 494df25f039444a69501cd346d661f88
1752716471755 0.8219154237365445 0 494df25f039444a69501cd346d661f88
1752716486268 0.8519096312769293 0 494df25f039444a69501cd346d661f88
1752716457331 0.8495333644343078 0 494df25f039444a69501cd346d661f88
1752716457331 0.8495333644343078 0 494df25f039444a69501cd346d661f88
1752716457331 0.8495333644343078 0 494df25f039444a69501cd346d661f88
1752716457331 0.8495333644343078 0 494df25f039444a69501cd346d661f88
1752716471755 0.8219154237365445 0 494df25f039444a69501cd346d661f88
1752716457331 0.8495333644343078 0 494df25f039444a69501cd346d661f88
1752716457331 0.8495333644343078 0 494df25f039444a69501cd346d661f88
1752716457331 0.8495333644343078 0 494df25f039444a69501cd346d661f88
1752716457331 0.8495333644343078 0 494df25f039444a69501cd346d661f88
1752716471755 0.8219154237365445 0 494df25f039444a69501cd346d661f88
1752716457331 0.8495333644343078 0 494df25f039444a69501cd346d661f88
1752716457331 0.8495333644343078 0 494df25f039444a69501cd346d661f88
1752716457331 0.8495333644343078 0 494df25f039444a69501cd346d661f88
1752716457331 0.8495333644343078 0 494df25f039444a69501cd346d661f88
1752716471755 0.8219154237365445 0 494df25f039444a69501cd346d661f88
1752716457331 0.8495333644343078 0 494df25f039444a69501cd346d661f88
1752716457331 0.8495333644343078 0 494df25f039444a69501cd346d661f88
1752716457331 0.8495333644343078 0 494df25f039444a69501cd346d661f88
1752716457331 0.8495333644343078 0 494df25f039444a69501cd346d661f88
1752716471755 0.8219154237365445 0 494df25f039444a69501cd346d661f88
1752716486268 0.8519096312769293 0 494df25f039444a69501cd346d661f88
1752716457331 0.8495333644343078 0 494df25f039444a69501cd346d661f88
1752716457331 0.8495333644343078 0 494df25f039444a69501cd346d661f88
1752716457331 0.8495333644343078 0 494df25f039444a69501cd346d661f88
1752716457331 0.8495333644343078 0 494df25f039444a69501cd346d661f88
1752716471755 0.8219154237365445 0 494df25f039444a69501cd346d661f88
1752716457331 0.8495333644343078 0 494df25f039444a69501cd346d661f88
1752716457331 0.8495333644343078 0 494df25f039444a69501cd346d661f88
1752716457331 0.8495333644343078 0 494df25f039444a69501cd346d661f88
1752716457331 0.8495333644343078 0 494df25f039444a69501cd346d661f88
1752716471755 0.8219154237365445 0 494df25f039444a69501cd346d661f88
1752716457331 0.8495333644343078 0 494df25f039444a69501cd346d661f88
1752716457331 0.8495333644343078 0 494df25f039444a69501cd346d661f88
1752716457331 0.8495333644343078 0 494df25f039444a69501cd346d661f88
1752716457331 0.8495333644343078 0 494df25f039444a69501cd346d661f88
1752716471755 0.8219154237365445 0 494df25f039444a69501cd346d661f88
1752716457331 0.8495333644343078 0 494df25f039444a69501cd346d661f88
1752716457331 0.8495333644343078 0 494df25f039444a69501cd346d661f88
1752716457331 0.8495333644343078 0 494df25f039444a69501cd346d661f88
1752716457331 0.8495333644343078 0 494df25f039444a69501cd346d661f88
1752716471755 0.8219154237365445 0 494df25f039444a69501cd346d661f88
1752716486268 0.8519096312769293 0 494df25f039444a69501cd346d661f88
1752716457331 0.8495333644343078 0 494df25f039444a69501cd346d661f88
1752716457331 0.8495333644343078 0 494df25f039444a69501cd346d661f88
1752716457331 0.8495333644343078 0 494df25f039444a69501cd346d661f88
1752716457331 0.8495333644343078 0 494df25f039444a69501cd346d661f88
1752716471755 0.8219154237365445 0 494df25f039444a69501cd346d661f88
1752716457331 0.8495333644343078 0 494df25f039444a69501cd346d661f88
1752716457331 0.8495333644343078 0 494df25f039444a69501cd346d661f88
1752716457331 0.8495333644343078 0 494df25f039444a69501cd346d661f88
1752716457331 0.8495333644343078 0 494df25f039444a69501cd346d661f88
1752716471755 0.8219154237365445 0 494df25f039444a69501cd346d661f88
1752716457331 0.8495333644343078 0 494df25f039444a69501cd346d661f88
1752716457331 0.8495333644343078 0 494df25f039444a69501cd346d661f88
1752716457331 0.8495333644343078 0 494df25f039444a69501cd346d661f88
1752716457331 0.8495333644343078 0 494df25f039444a69501cd346d661f88
1752716471755 0.8219154237365445 0 494df25f039444a69501cd346d661f88
1752716457331 0.8495333644343078 0 494df25f039444a69501cd346d661f88
1752716457331 0.8495333644343078 0 494df25f039444a69501cd346d661f88
1752716457331 0.8495333644343078 0 494df25f039444a69501cd346d661f88
1752716457331 0.8495333644343078 0 494df25f039444a69501cd346d661f88
1752716471755 0.8219154237365445 0 494df25f039444a69501cd346d661f88
1752716486268 0.8519096312769293 0 494df25f039444a69501cd346d661f88
1752716737993 0.7837330365423468 0 494df25f039444a69501cd346d661f88
