1752716457059 0.8495238095238096 0 494df25f039444a69501cd346d661f88
1752716457059 0.8495238095238096 0 494df25f039444a69501cd346d661f88
1752716457059 0.8495238095238096 0 494df25f039444a69501cd346d661f88
1752716457059 0.8495238095238096 0 494df25f039444a69501cd346d661f88
1752716471494 0.8219047619047619 0 494df25f039444a69501cd346d661f88
1752716457059 0.8495238095238096 0 494df25f039444a69501cd346d661f88
1752716457059 0.8495238095238096 0 494df25f039444a69501cd346d661f88
1752716457059 0.8495238095238096 0 494df25f039444a69501cd346d661f88
1752716457059 0.8495238095238096 0 494df25f039444a69501cd346d661f88
1752716471494 0.8219047619047619 0 494df25f039444a69501cd346d661f88
