1752716457154 0.8496184316114275 0 494df25f039444a69501cd346d661f88
1752716457154 0.8496184316114275 0 494df25f039444a69501cd346d661f88
1752716457154 0.8496184316114275 0 494df25f039444a69501cd346d661f88
1752716457154 0.8496184316114275 0 494df25f039444a69501cd346d661f88
1752716471593 0.8221064984736723 0 494df25f039444a69501cd346d661f88
1752716457154 0.8496184316114275 0 494df25f039444a69501cd346d661f88
1752716457154 0.8496184316114275 0 494df25f039444a69501cd346d661f88
1752716457154 0.8496184316114275 0 494df25f039444a69501cd346d661f88
1752716457154 0.8496184316114275 0 494df25f039444a69501cd346d661f88
1752716471593 0.8221064984736723 0 494df25f039444a69501cd346d661f88
1752716457154 0.8496184316114275 0 494df25f039444a69501cd346d661f88
1752716457154 0.8496184316114275 0 494df25f039444a69501cd346d661f88
1752716457154 0.8496184316114275 0 494df25f039444a69501cd346d661f88
1752716457154 0.8496184316114275 0 494df25f039444a69501cd346d661f88
1752716471593 0.8221064984736723 0 494df25f039444a69501cd346d661f88
1752716457154 0.8496184316114275 0 494df25f039444a69501cd346d661f88
1752716457154 0.8496184316114275 0 494df25f039444a69501cd346d661f88
1752716457154 0.8496184316114275 0 494df25f039444a69501cd346d661f88
1752716457154 0.8496184316114275 0 494df25f039444a69501cd346d661f88
1752716471593 0.8221064984736723 0 494df25f039444a69501cd346d661f88
1752716486103 0.852239465809075 0 494df25f039444a69501cd346d661f88
1752716457154 0.8496184316114275 0 494df25f039444a69501cd346d661f88
1752716457154 0.8496184316114275 0 494df25f039444a69501cd346d661f88
1752716457154 0.8496184316114275 0 494df25f039444a69501cd346d661f88
1752716457154 0.8496184316114275 0 494df25f039444a69501cd346d661f88
1752716471593 0.8221064984736723 0 494df25f039444a69501cd346d661f88
1752716457154 0.8496184316114275 0 494df25f039444a69501cd346d661f88
1752716457154 0.8496184316114275 0 494df25f039444a69501cd346d661f88
1752716457154 0.8496184316114275 0 494df25f039444a69501cd346d661f88
1752716457154 0.8496184316114275 0 494df25f039444a69501cd346d661f88
1752716471593 0.8221064984736723 0 494df25f039444a69501cd346d661f88
1752716457154 0.8496184316114275 0 494df25f039444a69501cd346d661f88
1752716457154 0.8496184316114275 0 494df25f039444a69501cd346d661f88
1752716457154 0.8496184316114275 0 494df25f039444a69501cd346d661f88
1752716457154 0.8496184316114275 0 494df25f039444a69501cd346d661f88
1752716471593 0.8221064984736723 0 494df25f039444a69501cd346d661f88
1752716457154 0.8496184316114275 0 494df25f039444a69501cd346d661f88
1752716457154 0.8496184316114275 0 494df25f039444a69501cd346d661f88
1752716457154 0.8496184316114275 0 494df25f039444a69501cd346d661f88
1752716457154 0.8496184316114275 0 494df25f039444a69501cd346d661f88
1752716471593 0.8221064984736723 0 494df25f039444a69501cd346d661f88
1752716486103 0.852239465809075 0 494df25f039444a69501cd346d661f88
